SanDiegoArea_001 325838.889 1171122.222 54
SanDiegoArea_002 325963.889 1147088.889 94
SanDiegoArea_003 326400.000 1170833.333 2
SanDiegoArea_004 326727.778 1141461.111 39
SanDiegoArea_005 326780.556 1170983.333 48
SanDiegoArea_006 326788.889 1154980.556 25
SanDiegoArea_007 326858.333 1171822.222 35
SanDiegoArea_008 327152.778 1171563.889 73
SanDiegoArea_009 327169.444 1168752.778 56
SanDiegoArea_010 327252.778 1146236.111 21
SanDiegoArea_011 327308.333 1155288.889 48
SanDiegoArea_012 327425.000 1170305.556 16
SanDiegoArea_013 327677.778 1170222.222 56
SanDiegoArea_014 327919.444 1155622.222 34
SanDiegoArea_015 327930.556 1156902.778 72
SanDiegoArea_016 327947.222 1169616.667 81
SanDiegoArea_017 328111.111 1153794.444 23
SanDiegoArea_018 328383.333 1169730.556 79
SanDiegoArea_019 328475.000 1155686.111 71
SanDiegoArea_020 328572.222 1169213.889 24
SanDiegoArea_021 329594.444 1172644.444 46
SanDiegoArea_022 329627.778 1170350.000 95
SanDiegoArea_023 329786.111 1155294.444 94
SanDiegoArea_024 329911.111 1172702.778 12
SanDiegoArea_025 330202.778 1172019.444 68
SanDiegoArea_026 330369.444 1172911.111 95
SanDiegoArea_027 330372.222 1156205.556 53
SanDiegoArea_028 330483.333 1166300.000 75
SanDiegoArea_029 330680.556 1173025.000 65
SanDiegoArea_030 330786.111 1166011.111 22
SanDiegoArea_031 331191.667 1170855.556 19
SanDiegoArea_032 331255.556 1155133.333 27
SanDiegoArea_033 331433.333 1171652.778 93
SanDiegoArea_034 331580.556 1173497.222 10
SanDiegoArea_035 331958.333 1173786.111 25
SanDiegoArea_036 332000.000 1172416.667 44
SanDiegoArea_037 332183.333 1170333.333 42
SanDiegoArea_038 332400.000 1155180.556 4
SanDiegoArea_039 332558.333 1163741.667 59
SanDiegoArea_040 333427.778 1183269.444 44
SanDiegoArea_041 333763.889 1172502.778 4
SanDiegoArea_042 334269.444 1176111.111 66
SanDiegoArea_043 334636.111 1176783.333 89
SanDiegoArea_044 334669.444 1176972.222 96
SanDiegoArea_045 334936.111 1171475.000 54
SanDiegoArea_046 335005.556 1177422.222 1
SanDiegoArea_047 335016.667 1176616.667 1
SanDiegoArea_048 335225.000 1177066.667 85
SanDiegoArea_049 335422.222 1177822.222 21
SanDiegoArea_050 335605.556 1171572.222 99
SanDiegoArea_051 335716.667 1160763.889 75
SanDiegoArea_052 336000.000 1176711.111 23
SanDiegoArea_053 336102.778 1145955.556 37
SanDiegoArea_054 336105.556 1145730.556 13
SanDiegoArea_055 336125.000 1177119.444 84
SanDiegoArea_056 336188.889 1179280.556 54
SanDiegoArea_057 336258.333 1176927.778 14
SanDiegoArea_058 336386.111 1173430.556 88
SanDiegoArea_059 336411.111 1179177.778 74
SanDiegoArea_060 336416.667 1172900.000 24
SanDiegoArea_061 336602.778 1179983.333 95
SanDiegoArea_062 336694.444 1178222.222 49
SanDiegoArea_063 336802.778 1161730.556 30
SanDiegoArea_064 337091.667 1171963.889 68
SanDiegoArea_065 337091.667 1179527.778 77
SanDiegoArea_066 337205.556 1162147.222 91
SanDiegoArea_067 337213.889 1163875.000 43
SanDiegoArea_068 337397.222 1164119.444 6
SanDiegoArea_069 337413.889 1181038.889 30
SanDiegoArea_070 337430.556 1171083.333 16
SanDiegoArea_071 337455.556 1178669.444 64
SanDiegoArea_072 337458.333 1171741.667 28
SanDiegoArea_073 337458.333 1178252.778 95
SanDiegoArea_074 337475.000 1169711.111 97
SanDiegoArea_075 337569.444 1183530.556 72
SanDiegoArea_076 337591.667 1180058.333 86
SanDiegoArea_077 337669.444 1181883.333 24
SanDiegoArea_078 337738.889 1179405.556 33
SanDiegoArea_079 337797.222 1164644.444 76
SanDiegoArea_080 337825.000 1172277.778 56
SanDiegoArea_081 337838.889 1169577.778 67
SanDiegoArea_082 337855.556 1180841.667 17
SanDiegoArea_083 337877.778 1178522.222 6
SanDiegoArea_084 337877.778 1183572.222 22
SanDiegoArea_085 337922.222 1183141.667 39
SanDiegoArea_086 338005.556 1183891.667 2
SanDiegoArea_087 338013.889 1171450.000 20
SanDiegoArea_088 338025.000 1179922.222 30
SanDiegoArea_089 338030.556 1180716.667 45
SanDiegoArea_090 338144.444 1178122.222 70
SanDiegoArea_091 338169.444 1180363.889 44
SanDiegoArea_092 338200.000 1163894.444 21
SanDiegoArea_093 338302.778 1165444.444 50
SanDiegoArea_094 338313.889 1180719.444 42
SanDiegoArea_095 338313.889 1182811.111 2
SanDiegoArea_096 338352.778 1179136.111 7
SanDiegoArea_097 338358.333 1183397.222 8
SanDiegoArea_098 338463.889 1180458.333 92
SanDiegoArea_099 338491.667 1183875.000 57
SanDiegoArea_100 338536.111 1181330.556 11
SanDiegoArea_101 338575.000 1154863.889 50
SanDiegoArea_102 338622.222 1183986.111 23
SanDiegoArea_103 338658.333 1180822.222 2
SanDiegoArea_104 338675.000 1179972.222 99
SanDiegoArea_105 338702.778 1179244.444 92
SanDiegoArea_106 338722.222 1178694.444 48
SanDiegoArea_107 338752.778 1175655.556 28
SanDiegoArea_108 338780.556 1175200.000 87
SanDiegoArea_109 338816.667 1181161.111 66
SanDiegoArea_110 338847.222 1184100.000 98
SanDiegoArea_111 338883.333 1183080.556 16
SanDiegoArea_112 338886.111 1178122.222 62
SanDiegoArea_113 338894.444 1181588.889 80
SanDiegoArea_114 338958.333 1182191.667 8
SanDiegoArea_115 339022.222 1180808.333 2
SanDiegoArea_116 339163.889 1183516.667 81
SanDiegoArea_117 339166.667 1178991.667 63
SanDiegoArea_118 339172.222 1180111.111 42
SanDiegoArea_119 339191.667 1184155.556 99
SanDiegoArea_120 339202.778 1172777.778 79
SanDiegoArea_121 339255.556 1168755.556 54
SanDiegoArea_122 339294.444 1169763.889 71
SanDiegoArea_123 339302.778 1182105.556 26
SanDiegoArea_124 339319.444 1179452.778 47
SanDiegoArea_125 339380.556 1183516.667 99
SanDiegoArea_126 339400.000 1172427.778 85
SanDiegoArea_127 339400.000 1181316.667 90
SanDiegoArea_128 339472.222 1180844.444 16
SanDiegoArea_129 339533.333 1173952.778 72
SanDiegoArea_130 339605.556 1181844.444 20
SanDiegoArea_131 339608.333 1179497.222 11
SanDiegoArea_132 339608.333 1180408.333 64
SanDiegoArea_133 339611.111 1165008.333 22
SanDiegoArea_134 339616.667 1183522.222 43
SanDiegoArea_135 339652.778 1181505.556 30
SanDiegoArea_136 339680.556 1182241.667 27
SanDiegoArea_137 339725.000 1169763.889 21
SanDiegoArea_138 339761.111 1179044.444 21
SanDiegoArea_139 339775.000 1181861.111 37
SanDiegoArea_140 339791.667 1180319.444 20
SanDiegoArea_141 339816.667 1182241.667 69
SanDiegoArea_142 339830.556 1180958.333 12
SanDiegoArea_143 339866.667 1181844.444 67
SanDiegoArea_144 339925.000 1175155.556 90
SanDiegoArea_145 339961.111 1174047.222 1
SanDiegoArea_146 340094.444 1181044.444 19
SanDiegoArea_147 340116.667 1174838.889 1
SanDiegoArea_148 340122.222 1176880.556 85
SanDiegoArea_149 340194.444 1184902.778 64
SanDiegoArea_150 340200.000 1179486.111 24
SanDiegoArea_151 340202.778 1178644.444 78
SanDiegoArea_152 340211.111 1183955.556 13
SanDiegoArea_153 340238.889 1181711.111 34
SanDiegoArea_154 340336.111 1170422.222 65
SanDiegoArea_155 340338.889 1173127.778 97
SanDiegoArea_156 340452.778 1179427.778 52
SanDiegoArea_157 340469.444 1165800.000 9
SanDiegoArea_158 340483.333 1172602.778 97
SanDiegoArea_159 340519.444 1180458.333 59
SanDiegoArea_160 340522.222 1182427.778 54
SanDiegoArea_161 340552.778 1177513.889 24
SanDiegoArea_162 340625.000 1180894.444 32
SanDiegoArea_163 340625.000 1181219.444 24
SanDiegoArea_164 340633.333 1176500.000 4
SanDiegoArea_165 340686.111 1179380.556 48
SanDiegoArea_166 340686.111 1180266.667 43
SanDiegoArea_167 340702.778 1173950.000 23
SanDiegoArea_168 340736.111 1183994.444 51
SanDiegoArea_169 340738.889 1173127.778 23
SanDiegoArea_170 340805.556 1180719.444 23
SanDiegoArea_171 340852.778 1179600.000 74
SanDiegoArea_172 340900.000 1178894.444 88
SanDiegoArea_173 340900.000 1183608.333 67
SanDiegoArea_174 340922.222 1174341.667 32
SanDiegoArea_175 340952.778 1181261.111 53
SanDiegoArea_176 340961.111 1181050.000 66
SanDiegoArea_177 340966.667 1177188.889 89
SanDiegoArea_178 340975.000 1176475.000 54
SanDiegoArea_179 341008.333 1177669.444 42
SanDiegoArea_180 341030.556 1178450.000 16
SanDiegoArea_181 341066.667 1178058.333 9
SanDiegoArea_182 341069.444 1179344.444 83
SanDiegoArea_183 341072.222 1180569.444 59
SanDiegoArea_184 341161.111 1181494.444 96
SanDiegoArea_185 341191.667 1164450.000 25
SanDiegoArea_186 341213.889 1173022.222 81
SanDiegoArea_187 341213.889 1181055.556 80
SanDiegoArea_188 341283.333 1172077.778 74
SanDiegoArea_189 341336.111 1179066.667 26
SanDiegoArea_190 341347.222 1163122.222 96
SanDiegoArea_191 341355.556 1160533.333 18
SanDiegoArea_192 341361.111 1178644.444 68
SanDiegoArea_193 341394.444 1179763.889 30
SanDiegoArea_194 341397.222 1180344.444 43
SanDiegoArea_195 341469.444 1179700.000 73
SanDiegoArea_196 341477.778 1181436.111 38
SanDiegoArea_197 341477.778 1191941.667 17
SanDiegoArea_198 341480.556 1179980.556 69
SanDiegoArea_199 341500.000 1142883.333 66
SanDiegoArea_200 341541.667 1173433.333 89
SanDiegoArea_201 341602.778 1186513.889 99
SanDiegoArea_202 341616.667 1180519.444 86
SanDiegoArea_203 341705.556 1188366.667 8
SanDiegoArea_204 341897.222 1181302.778 34
SanDiegoArea_205 341975.000 1191761.111 100
SanDiegoArea_206 342163.889 1190366.667 55
SanDiegoArea_207 342322.222 1191716.667 6
SanDiegoArea_208 342419.444 1172847.222 47
SanDiegoArea_209 342483.333 1171883.333 67
SanDiegoArea_210 342819.444 1184380.556 69
SanDiegoArea_211 342855.556 1188811.111 74
SanDiegoArea_212 343541.667 1190583.333 14
SanDiegoArea_213 343608.333 1176325.000 81
SanDiegoArea_214 343713.889 1193055.556 98
SanDiegoArea_215 343847.222 1185300.000 9
SanDiegoArea_216 343988.889 1195175.000 20
SanDiegoArea_217 343991.667 1189172.222 48
SanDiegoArea_218 344000.000 1192991.667 91
SanDiegoArea_219 344152.778 1187930.556 82
SanDiegoArea_220 344233.333 1197033.333 5
SanDiegoArea_221 344263.889 1173000.000 36
SanDiegoArea_222 344436.111 1186086.111 96
SanDiegoArea_223 344480.556 1192419.444 57
SanDiegoArea_224 344838.889 1143216.667 88
SoCal_001 345008.333 1171850.000 48
SoCal_002 345361.111 1172902.778 52
SoCal_003 345794.444 1181155.556 40
SoCal_004 345827.778 1174083.333 58
SoCal_005 345958.333 1201366.667 79
SoCal_006 346136.111 1201916.667 34
SoCal_007 346144.444 1200788.889 40
SoCal_008 346391.667 1204569.444 95
SoCal_009 346452.778 1182172.222 64
SoCal_010 346980.556 1181358.333 62
SoCal_011 348227.778 1189438.889 7
SoCal_012 348480.556 1146133.333 34
SoCal_013 348641.667 1181625.000 58
SoCal_014 348766.667 1171030.556 4
SoCal_015 349050.000 1168194.444 29
SoCal_016 349530.556 1204347.222 45
SoCal_017 349716.667 1205708.333 18
SoCal_018 349994.444 1176488.889 1
SoCal_019 350169.444 1178347.222 87
SoCal_020 350427.778 1204750.000 81
SoCal_021 350525.000 1181730.556 11
SoCal_022 350588.889 1194000.000 4
SoCal_023 350988.889 1206113.889 15
SoCal_024 351186.111 1205897.222 78
SoCal_025 351216.667 1206202.778 25
SoCal_026 351258.333 1179850.000 51
SoCal_027 351322.222 1184480.556 63
SoCal_028 351347.222 1194552.778 24
SoCal_029 351347.222 1194716.667 35
SoCal_030 351425.000 1194555.556 45
SoCal_031 351427.778 1206402.778 27
SoCal_032 351544.444 1194552.778 39
SoCal_033 352091.667 1188275.000 93
SoCal_034 352380.556 1189141.667 41
SoCal_035 352597.222 1189133.333 50
SoCal_036 352827.778 1206586.111 10
SoCal_037 353658.333 1208488.889 79
SoCal_038 353733.333 1190177.778 39
SoCal_039 353833.333 1191088.889 48
SoCal_040 354005.556 1194686.111 6
SoCal_041 354197.222 1190202.778 54
SoCal_042 354427.778 1208911.111 25
SoCal_043 354894.444 1206697.222 21
CentralCA_001 355641.667 1210797.222 11
CentralCA_002 355880.556 1184911.111 19
CentralCA_003 355941.667 1193400.000 40
CentralCA_004 356091.667 1184827.778 30
CentralCA_005 356225.000 1176700.000 43
CentralCA_006 356508.333 1176608.333 55
CentralCA_007 356780.556 1192283.333 26
CentralCA_008 357069.444 1184552.778 2
CentralCA_009 357291.667 1185486.111 20
CentralCA_010 357547.222 1184244.444 15
CentralCA_011 357688.889 1192461.111 66
CentralCA_012 357966.667 1191069.444 5
CentralCA_013 358841.667 1192713.889 44
CentralCA_014 359625.000 1190433.333 51
CentralCA_015 359686.111 1192908.333 41
CentralCA_016 359786.111 1148316.667 6
CentralCA_017 360041.667 1201280.556 31
CentralCA_018 360083.333 1199608.333 13
CentralCA_019 360397.222 1149811.111 63
CentralCA_020 360594.444 1193111.111 20
CentralCA_021 360652.778 1190158.333 75
CentralCA_022 360944.444 1150411.111 27
CentralCA_023 360980.556 1195594.444 34
CentralCA_024 361397.222 1203591.667 73
CentralCA_025 361455.556 1190597.222 69
CentralCA_026 361750.000 1151363.889 46
CentralCA_027 361988.889 1151166.667 21
CentralCA_028 362027.778 1201019.444 95
CentralCA_029 362030.556 1190872.222 37
CentralCA_030 362077.778 1193463.889 5
CentralCA_031 362127.778 1211250.000 12
CentralCA_032 362961.111 1191411.111 13
CentralCA_033 362977.778 1192058.333 68
CentralCA_034 363008.333 1197819.444 27
CentralCA_035 363158.333 1197075.000 71
CentralCA_036 363208.333 1212427.778 65
CentralCA_037 363275.000 1196447.222 85
CentralCA_038 363302.778 1192911.111 53
CentralCA_039 363511.111 1194191.667 68
CentralCA_040 363872.222 1192169.444 2
CentralCA_041 364247.222 1213252.778 100
CentralCA_042 364333.333 1196858.333 67
CentralCA_043 364761.111 1194422.222 20
CentralCA_044 364797.222 1217313.889 76
CentralCA_045 365066.667 1214433.333 69
CentralCA_046 365138.889 1195530.556 42
CentralCA_047 365233.333 1192858.333 76
CentralCA_048 365427.778 1198322.222 98
CentralCA_049 365433.333 1144461.111 21
CentralCA_050 365433.333 1193861.111 59
CentralCA_051 365450.000 1192863.889 54
CentralCA_052 365708.333 1196111.111 57
CentralCA_053 365933.333 1218338.889 4
CentralCA_054 365963.889 1194494.444 48
CentralCA_055 366002.778 1218936.111 85
CentralCA_056 366061.111 1180619.444 4
CentralCA_057 366066.667 1201880.556 50
CentralCA_058 366111.111 1218505.556 46
CentralCA_059 366116.667 1195261.111 87
CentralCA_060 366244.444 1193127.778 70
CentralCA_061 366305.556 1196775.000 85
CentralCA_062 366502.778 1197897.222 77
CentralCA_063 366591.667 1195927.778 3
CentralCA_064 366777.778 1216544.444 41
CentralCA_065 366844.444 1218011.111 61
CentralCA_066 367080.556 1195550.000 57
CentralCA_067 367105.556 1197575.000 6
CentralCA_068 367236.111 1200588.889 41
CentralCA_069 367477.778 1197713.889 41
CentralCA_070 367536.111 1203805.556 50
CentralCA_071 367658.333 1217569.444 39
CentralCA_072 368252.778 1197019.444 17
CentralCA_073 368455.556 1215369.444 49
CentralCA_074 368525.000 1214005.556 73
CentralCA_075 368588.889 1204550.000 80
CentralCA_076 369041.667 1217475.000 8
CentralCA_077 369102.778 1217558.333 73
CentralCA_078 369352.778 1217719.444 15
CentralCA_079 369366.667 1218636.111 63
CentralCA_080 369608.333 1219630.556 16
CentralCA_081 369613.889 1200597.222 13
CentralCA_082 369683.333 1218991.667 79
CentralCA_083 369741.667 1220297.222 23
CentralCA_084 369752.778 1219522.222 5
CentralCA_085 369772.222 1218983.333 7
CentralCA_086 369861.111 1206255.556 40
CentralCA_087 369880.556 1219555.556 28
BayArea_001 370058.333 1215672.222 68
BayArea_002 370511.111 1220136.111 13
BayArea_003 370513.889 1220722.222 59
BayArea_004 370583.333 1208488.889 64
BayArea_005 370850.000 1216091.667 61
BayArea_006 370891.667 1220852.778 8
BayArea_007 371230.556 1202591.667 55
BayArea_008 371261.111 1221211.111 29
BayArea_009 371305.556 1216533.333 29
BayArea_010 372266.667 1219736.111 43
BayArea_011 372363.889 1219913.889 96
BayArea_012 372577.778 1209977.778 21
BayArea_013 372638.889 1220219.444 50
BayArea_014 372872.222 1219488.889 76
BayArea_015 372908.333 1203175.000 70
BayArea_016 373022.222 1204819.444 31
BayArea_017 373138.889 1210197.222 88
BayArea_018 373230.556 1220311.111 61
BayArea_019 373280.556 1196483.333 24
BayArea_020 373352.778 1218938.889 27
BayArea_021 373475.000 1212675.000 71
BayArea_022 373636.111 1183941.667 74
BayArea_023 373661.111 1218261.111 71
BayArea_024 373688.889 1220352.778 82
BayArea_025 373797.222 1221363.889 28
BayArea_026 373841.667 1222341.667 21
BayArea_027 373869.444 1207225.000 87
BayArea_028 373894.444 1206122.222 94
BayArea_029 374283.333 1219055.556 59
BayArea_030 374300.000 1222527.778 98
BayArea_031 374322.222 1207775.000 2
BayArea_032 374419.444 1221419.444 84
BayArea_033 374538.889 1221811.111 25
BayArea_034 374613.889 1221966.667 10
BayArea_035 374636.111 1224275.000 99
BayArea_036 374688.889 1221400.000 9
BayArea_037 374716.667 1211286.111 72
BayArea_038 374850.000 1199652.778 16
BayArea_039 374861.111 1222333.333 13
BayArea_040 374947.222 1208455.556 34
BayArea_041 375027.778 1224683.333 73
BayArea_042 375202.778 1222747.222 31
BayArea_043 375263.889 1207958.333 28
BayArea_044 375275.000 1225122.222 36
BayArea_045 375297.222 1220391.667 29
BayArea_046 375422.222 1225150.000 64
BayArea_047 375586.111 1222700.000 48
BayArea_048 375630.556 1223244.444 94
BayArea_049 375741.667 1223783.333 89
BayArea_050 375841.667 1223650.000 58
BayArea_051 375950.000 1209566.667 85
BayArea_052 375969.444 1208650.000 52
BayArea_053 375986.111 1223861.111 72
BayArea_054 376150.000 1145111.111 32
BayArea_055 376305.556 1224100.000 84
BayArea_056 376413.889 1207594.444 58
BayArea_057 376486.111 1189711.111 65
BayArea_058 376547.222 1224066.667 14
BayArea_059 376625.000 1218736.111 67
BayArea_060 376808.333 1223988.889 4
BayArea_061 376811.111 1221233.333 66
BayArea_062 376819.444 1217669.444 70
BayArea_063 376941.667 1220852.778 88
BayArea_064 376947.222 1221127.778 48
BayArea_065 377022.222 1219347.222 31
BayArea_066 377202.778 1225258.333 52
BayArea_067 377250.000 1221550.000 64
BayArea_068 377361.111 1209344.444 88
BayArea_069 377397.222 1214241.667 11
BayArea_070 377416.667 1211233.333 54
BayArea_071 377666.667 1208461.111 60
BayArea_072 377750.000 1224183.333 15
BayArea_073 377800.000 1219769.444 42
BayArea_074 377975.000 1209955.556 32
BayArea_075 377975.000 1212150.000 57
BayArea_076 378044.444 1222697.222 39
BayArea_077 378216.667 1219988.889 55
BayArea_078 378227.778 1212755.556 73
BayArea_079 378244.444 1222305.556 16
BayArea_080 378313.889 1222841.667 22
BayArea_081 378502.778 1220311.111 28
BayArea_082 378591.667 1224841.667 94
BayArea_083 378716.667 1222716.667 79
BayArea_084 378736.111 1224555.556 50
BayArea_085 378772.222 1221786.111 34
BayArea_086 378858.333 1221169.444 74
BayArea_087 378869.444 1222966.667 82
BayArea_088 379061.111 1225438.889 100
BayArea_089 379063.889 1220638.889 23
BayArea_090 379094.444 1226852.778 81
BayArea_091 379105.556 1222791.667 1
BayArea_092 379255.556 1225263.889 67
BayArea_093 379358.333 1223466.667 94
BayArea_094 379480.556 1220597.222 93
BayArea_095 379533.333 1204216.667 36
BayArea_096 379577.778 1212897.222 4
BayArea_097 379622.222 1223444.444 62
BayArea_098 379736.111 1216944.444 43
BayArea_099 379736.111 1225300.000 89
BayArea_100 379747.222 1225605.556 81
BayArea_101 379772.222 1222941.667 26
BayArea_102 379780.556 1220300.000 81
BayArea_103 379841.667 1203811.111 39
BayArea_104 379872.222 1225877.778 4
BayArea_105 379975.000 1217113.889 94
BayArea_106 379977.778 1202688.889 51
BayArea_107 380044.444 1222977.778 47
BayArea_108 380050.000 1218047.222 28
BayArea_109 380127.778 1226441.667 72
BayArea_110 380150.000 1216394.444 33
BayArea_111 380172.222 1222875.000 30
BayArea_112 380269.444 1219361.111 12
BayArea_113 380280.556 1218836.111 27
BayArea_114 380330.556 1222658.333 33
BayArea_115 380397.222 1202316.667 72
BayArea_116 380494.444 1221575.000 1
BayArea_117 380672.222 1172291.667 3
BayArea_118 381041.667 1222555.556 20
BayArea_119 381075.000 1225686.111 73
BayArea_120 381302.778 1212713.889 75
BayArea_121 381375.000 1204586.111 18
BayArea_122 381522.222 1212422.222 43
BayArea_123 381541.667 1213002.778 28
BayArea_124 381558.333 1216902.778 17
BayArea_125 381619.444 1216105.556 79
BayArea_126 381636.111 1211488.889 80
BayArea_127 381961.111 1206794.444 40
BayArea_128 382325.000 1226355.556 66
BayArea_129 382383.333 1220391.667 37
BayArea_130 382494.444 1220388.889 4
BayArea_131 382547.222 1212988.889 27
BayArea_132 382919.444 1224569.444 55
BayArea_133 382972.222 1222844.444 51
BayArea_134 382977.778 1224905.556 88
BayArea_135 383138.889 1224808.333 75
BayArea_136 383238.889 1218211.111 52
BayArea_137 383269.444 1227061.111 83
BayArea_138 383397.222 1227000.000 82
BayArea_139 383488.889 1207730.556 94
BayArea_140 383527.778 1209316.667 85
BayArea_141 383566.667 1219866.667 57
BayArea_142 383641.667 1225230.556 74
BayArea_143 383930.556 1208013.889 72
BayArea_144 384016.667 1223597.222 36
BayArea_145 384088.889 1213705.556 65
BayArea_146 384363.889 1228686.111 37
BayArea_147 384405.556 1227133.333 69
BayArea_148 384655.556 1230077.778 10
BayArea_149 384819.444 1208436.111 85
BayArea_150 384961.111 1214077.778 62
NorCal_001 385019.444 1229950.000 90
NorCal_002 385247.222 1186236.111 62
NorCal_003 385250.000 1219697.222 84
NorCal_004 385450.000 1217394.444 21
NorCal_005 385758.333 1224488.889 55
NorCal_006 385788.889 1225786.111 7
NorCal_007 385805.556 1215291.667 91
NorCal_008 385816.667 1214933.333 13
NorCal_009 385891.667 1213016.667 94
NorCal_010 386066.667 1212655.556 16
NorCal_011 386105.556 1228680.556 35
NorCal_012 386172.222 1213272.222 85
NorCal_013 386658.333 1209250.000 41
NorCal_014 386763.889 1213352.778 53
NorCal_015 386772.222 1231341.667 94
NorCal_016 386780.556 1211750.000 51
NorCal_017 386786.111 1212247.222 62
NorCal_018 386858.333 1213711.111 12
NorCal_019 386911.111 1214475.000 50
NorCal_020 386922.222 1220161.111 89
NorCal_021 386947.222 1208138.889 83
NorCal_022 387072.222 1212800.000 16
NorCal_023 387297.222 1207975.000 95
NorCal_024 387613.889 1205855.556 56
NorCal_025 387908.333 1212347.222 30
NorCal_026 388213.889 1211919.444 80
NorCal_027 388688.889 1179211.111 1
NorCal_028 388916.667 1212919.444 97
NorCal_029 388966.667 1210758.333 59
NorCal_030 389105.556 1226091.667 20
NorCal_031 389458.333 1199702.778 81
NorCal_032 389780.556 1228383.333 2
NorCal_033 389858.333 1191619.444 46
NorCal_034 390011.111 1210208.333 21
NorCal_035 390100.000 1214219.444 87
NorCal_036 390175.000 1220566.667 35
NorCal_037 390202.778 1208169.444 19
NorCal_038 390241.667 1226738.889 50
NorCal_039 390430.556 1229147.222 21
NorCal_040 390955.556 1215511.111 40
NorCal_041 391008.333 1209522.222 42
NorCal_042 391277.778 1215497.222 81
NorCal_043 391308.333 1231650.000 77
NorCal_044 391405.556 1216158.333 41
NorCal_045 391458.333 1215902.778 56
NorCal_046 391488.889 1216658.333 6
NorCal_047 391502.778 1232066.667 46
NorCal_048 391547.222 1221483.333 32
NorCal_049 391597.222 1217477.778 89
NorCal_050 391638.889 1197663.889 77
NorCal_051 392144.444 1220083.333 59
NorCal_052 392191.667 1210600.000 4
NorCal_053 392300.000 1210755.556 45
NorCal_054 392377.778 1200255.556 86
NorCal_055 392475.000 1148877.778 51
NorCal_056 392616.667 1210150.000 64
NorCal_057 392963.889 1197747.222 18
NorCal_058 393077.778 1237983.333 78
NorCal_059 393280.556 1201822.222 99
NorCal_060 393638.889 1216925.000 98
NorCal_061 394050.000 1147777.778 48
NorCal_062 394097.222 1233544.444 89
NorCal_063 394125.000 1217116.667 73
NorCal_064 394355.556 1215369.444 39
NorCal_065 394458.333 1238041.667 71
NorCal_066 394736.111 1187763.889 17
NorCal_067 394966.667 1215511.111 64
NorCal_068 395138.889 1215552.778 58
NorCal_069 395244.444 1221925.000 89
NorCal_070 395297.222 1198127.778 2
NorCal_071 395350.000 1197516.667 60
NorCal_072 396763.889 1202400.000 97
NorCal_073 396883.333 1234816.667 48
NorCal_074 397286.111 1218363.889 30
NorCal_075 397427.778 1220125.000 53
NorCal_076 397475.000 1221952.778 61
NorCal_077 397930.556 1232469.444 29
NorCal_078 398105.556 1204680.556 79
NorCal_079 399277.778 1221780.556 66
NorthernCA_001 400213.889 1220991.667 44
NorthernCA_002 401202.778 1238222.222 63
NorthernCA_003 401786.111 1222347.222 38
NorthernCA_004 401794.444 1184725.000 77
NorthernCA_005 403063.889 1212308.333 30
NorthernCA_006 403858.333 1222797.222 54
NorthernCA_007 404163.889 1206519.444 41
NorthernCA_008 404483.333 1222966.667 13
NorthernCA_009 405544.444 1231819.444 20
NorthernCA_010 405763.889 1242627.778 24
NorthernCA_011 405866.667 1223905.556 69
NorthernCA_012 405983.333 1241561.111 6
NorthernCA_013 406800.000 1223508.333 98
NorthernCA_014 406805.556 1223700.000 91
NorthernCA_015 407138.889 1161030.556 88
NorthernCA_016 407311.111 1229408.333 97
NorthernCA_017 407700.000 1241416.667 16
NorthernCA_018 408022.222 1241625.000 100
NorthernCA_019 408325.000 1157622.222 50
NorthernCA_020 408666.667 1240816.667 17
NorthernCA_021 408825.000 1216597.222 48
NorthernCA_022 408830.556 1239827.778 9
NorthernCA_023 409466.667 1240994.444 26
NorthernCA_024 409730.556 1177347.222 85
NorthernCA_025 411116.667 1149636.111 28
NorthernCA_026 412197.222 1222738.889 1
NorthernCA_027 412558.333 1221383.333 13
NorthernCA_028 413100.000 1223094.444 44
NorthernCA_029 414227.778 1223850.000 34
NorthernCA_030 414569.444 1228936.111 76
NorthernCA_031 414872.222 1205413.889 32
NorthernCA_032 416077.778 1228391.667 84
NorthernCA_033 417283.333 1225266.667 69
NorthernCA_034 417355.556 1226333.333 79
NorthernCA_035 417561.111 1242005.556 36
NorthernCA_036 419561.111 1214763.889 79
NorthernCA_037 419675.000 1219169.444 74
